species	temp	injury_level	recov	replicate	Acq..Date.Time	TRT	Lactic_acid	Alanine	Valine	Leucine	Phosphoric_acid	Glycerol	Isoleucine	Proline	Glycine	Succinic_acid	Fumaric_acid	Pipecolic_acid	Serine	Threonine	Malic_acid	Methionine	Aspartate	GABA	Glutamate	Phenylalanine	Asparagine	Putrescine	Ornithine	Citric_acid	Fructose	Glucose	Lysine	Tyrosine	Mannitol	Inositol	Sucrose	Trehalose
MD	20	C	R	3	11/10/2022 22:59	C	1.977543968	11.85046389	4.201979166	1.583607457	15.6207208	0.944387775	2.534022827	6.925035866	1.88007138	1.172512408	0.434439866	0.263076114	2.266278559	3.261634821	1.735198427	1.351180359	0.55840944	2.219824269	7.649466838	1.810754424	14.93598567	1.259807135	1.065434315	1.438355008	2.134493848	74.89744672	9.500344888	7.108039047	3.537762074	0.675285759	0.925497597	19.59881589
MD	20	C	R	4	13/10/2022 15:47	C	4.583946706	9.831961835	4.036022692	1.78126608	14.20472099	0.508141347	2.929995421	5.621062671	1.072292377	0.787371105	0.447978792	0.322536696	2.773740467	2.782511098	1.441031253	1.312257226	0.468514268	1.712288766	6.056156887	2.010342785	10.48650181	1.163151999	1.337748153	1.429579982	2.053803703	56.93522224	8.803942823	6.098159778	1.869962408	0.711624478	0.837707775	12.85643701
MD	20	C	R	5	19/10/2022 22:31	C	2.731814689	9.588726174	3.497443951	1.979027714	9.761461284	0.871457157	2.577879787	5.69156701	1.442613457	1.104765514	0.967179968	0.346051733	2.489397624	2.898367411	1.347723021	1.189369471	0.672610739	1.360135801	5.145026411	2.042719549	7.395720172	0.890511893	1.294500011	1.389611737	1.777358331	71.77362987	8.729260855	4.121421413	3.076772243	0.64582047	0.791998697	18.05010369
MD	20	C	R	6	21/10/2022 09:25	C	4.39302491	6.076932813	2.877976099	1.427200239	8.856556997	0.519995621	2.156391322	4.759298299	0.777590089	1.022943844	1.136729637	0.337697418	1.375144398	1.906321388	2.382502862	1.029072491	0.731078772	1.239564519	4.603528423	1.781357299	7.291738333	0.632137439	1.31034623	1.596821105	1.975186534	34.1849267	4.687782228	3.814833265	2.244116941	0.638875403	1.11146051	27.81038219
MD	20	C	R	7	25/11/2022 12:08	C	0.767483887	4.351219148	3.225564807	1.253388688	12.14593222	0.710995475	2.515546047	5.065518991	0.72352479	0.416553018	0.426590208	0.156757223	1.623220308	2.199632918	1.675254585	0.595327324	1.153221141	1.144588655	7.775178991	1.719526318	8.689937832	0.62504043	0.628800939	1.383771101	1.74641675	25.01355711	5.923990621	16.74510394	3.90500192	0.165174255	0.866166893	21.18795262
MD	20	C	R	8	25/11/2022 19:37	C	0.683804522	5.289407005	2.85064102	0.921370423	9.4197384	0.710995475	2.3155909	4.260184319	1.22611188	0.526586724	0.264411594	0.13882866	1.465846692	1.770404218	1.205198244	0.546401969	0.315205665	1.657826878	6.29804977	1.477606426	6.851994095	1.072457757	0.71111442	1.006859704	1.774487605	80.12358393	6.985094739	12.9228169	3.04995233	0.158852493	0.814836242	27.62402431
MD	34	1/2	D	1	11/10/2022 23:49	1/2 D	4.711344383	15.79282743	3.604402933	1.646611117	17.31467754	0.680238817	1.798751453	5.551816398	2.672527472	1.675938282	0.667699289	0.354506651	2.46927275	2.904210875	3.029791241	1.207136797	0.620080132	3.482086817	10.19107523	1.254928666	8.522315874	0.400356887	1.036608597	2.000690161	2.000080041	79.19374217	7.182665926	7.149840999	26.41983258	1.253693229	0.77968682	28.39463136
MD	34	1/2	D	2	13/10/2022 16:37	1/2 D	3.922465776	12.81452808	3.349939044	1.826959086	14.23433972	0.427236102	1.688769379	6.681743897	2.43319446	0.959668453	0.732117542	0.500003034	2.482919676	2.609105132	2.99911791	1.554943825	0.585242841	2.496138537	7.878953861	1.505833796	9.231907732	0.599698214	1.46726192	1.703510025	3.278742219	50.74537219	7.29917349	5.696575462	25.73627631	1.478978619	0.988162985	21.14883777
MD	34	1/2	D	3	19/10/2022 23:21	1/2 D	1.804934423	8.068822787	2.675423667	1.289519669	10.4604368	0.341022007	1.456744847	3.636048608	2.073182597	1.503392767	1.474792062	0.470809037	1.850296156	2.177206599	2.327586838	1.028895503	0.921167584	2.778451878	6.242606576	1.524714056	8.355166548	0.414253747	1.497940586	2.54142837	1.507218217	49.51763083	6.4916195	4.375991848	14.32014765	1.206696692	0.760675707	26.77133087
MD	34	1/2	D	4	21/10/2022 10:15	1/2 D	2.932133232	11.90249205	3.394429478	1.483235218	10.0134905	0.545746571	1.64808025	5.754288558	2.338713425	1.394933745	1.349643132	0.469513798	2.078568896	2.953705322	2.262501599	1.225363576	0.818981334	2.345419135	6.989968639	1.57426323	8.648751519	0.440838309	1.544134235	1.660142401	2.234799736	68.31000956	7.631751489	5.406815504	25.98848648	1.160180003	0.752730081	16.50148197
MD	34	1/2	D	5	25/11/2022 12:58	1/2 D	3.93542387	9.555352631	2.584261362	1.208111568	13.56714267	0.466226063	1.753086075	4.949404532	2.073508007	0.724507753	0.518818702	0.315479244	2.385985512	2.716302441	2.454841952	0.80764604	0.571590935	2.497356217	7.867931364	1.028919281	6.680496166	0.216885593	0.461601389	1.374662571	2.251551424	57.97371077	8.94776358	17.1030923	21.52605636	0.563441449	0.636115672	16.85955942
MD	34	1/2	D	6	27/10/2022 18:40	1/2 D	5.779881432	9.201412236	2.387651306	1.155128665	6.076461121	0.336886818	1.389615795	3.51611079	1.643808605	0.931946792	0.791500789	0.554982567	1.585448796	1.97619829	2.307020246	1.176682782	0.604264875	1.999550636	4.015989832	1.150967676	3.857603636	0.424524535	1.210800666	1.433520368	1.560987353	45.69324255	4.332183375	4.027160237	13.35161038	1.214825526	1.009604989	12.52182706
MD	34	1/2	D	7	18/11/2022 10:40	1/2 D	1.977529566	9.051120252	2.210934152	1.065669273	12.56529043	0.466226063	1.417789782	4.236053953	2.167869806	0.809055516	0.376339692	0.603797146	2.010775404	2.16005851	2.232672718	0.259133081	0.455785718	3.762611958	8.894607264	0.83198281	4.948025794	0.334868755	0.970370556	1.396026315	1.755286791	56.1136419	8.239207055	12.0958333	19.21527653	1.543996008	0.265544587	20.97703859
MD	34	1/2	D	8	19/11/2022 20:44	1/2 D	1.637385272	12.75607477	2.635683736	1.2149048	11.64914883	0.466226063	1.57352197	4.739928112	1.933469762	0.611733675	0.115252172	0.805838405	2.388230517	2.931008847	1.616910037	0.775739379	0.142157375	2.331469214	8.977857653	0.942536581	5.312975855	0.166618942	0.546058099	1.12930119	1.862054638	79.55848984	8.964133677	11.88570952	22.46327732	1.218187385	0.379417618	9.948893751
MD	34	1/2	R	1	12/10/2022 00:39	1/2 R	2.217833585	10.1657614	6.7779733	1.756442735	12.64567336	0.247728952	3.755437629	7.087200134	1.134469044	1.091994624	0.520412639	0.320520054	3.301675644	3.682936323	1.663367448	1.367332145	0.45956627	1.994915275	7.404022422	3.236675075	11.74587974	0.632362233	1.04168988	1.322519143	2.143125637	54.4414989	6.417645494	9.631074927	10.1594847	0.889041522	1.144386328	21.6121586
MD	34	1/2	R	2	13/10/2022 17:27	1/2 R	1.181468608	4.505636122	2.922595331	0.706750055	6.829061361	0.098275343	1.639817442	3.225804281	0.649359306	0.442040858	0.288118273	0.212807395	1.144552101	1.551875432	0.974658414	0.711684441	0.234928347	1.144403536	3.297698695	1.512237951	6.979202983	0.223324993	0.700134229	0.711719698	0.986999417	28.85287478	2.897581062	4.535745401	4.908978369	0.548000986	0.697334535	11.48364576
MD	34	1/2	R	3	20/10/2022 00:10	1/2 R	3.933232939	8.933825067	6.316955655	1.73896214	9.370304558	0.436871748	3.588705513	6.048437288	1.286814767	1.274169548	1.564655484	0.583616035	2.940854034	3.060877395	1.993220354	1.576101864	1.009731198	1.880987255	6.051273821	3.401808712	11.08932356	0.569603285	2.073794236	1.690164473	2.905664318	67.03943339	4.908768215	7.618179286	13.19754278	1.266976839	1.639058741	23.35983332
MD	34	1/2	R	4	21/10/2022 11:04	1/2 R	2.5123449	8.761475306	5.395930483	1.699876783	9.215565596	0.45416537	2.761684298	7.72268516	1.33402741	1.584595873	1.838698273	0.683715462	2.483948965	2.732329168	2.512301402	1.436841171	1.203253334	2.177443767	5.626449268	2.756187538	12.63168062	0.658727134	2.026799999	2.153975766	2.35782527	56.20848102	5.323812222	7.11483198	13.98590891	1.282930902	1.613190212	20.35423396
MD	34	1/2	R	5	25/11/2022 13:48	1/2 R	0.702642342	7.541704006	4.836086289	1.221619557	11.11611297	0.281100166	2.874277009	6.225642305	1.282909793	0.732565823	0.267040581	0.259765194	2.238358166	2.658817472	1.142878455	0.870310132	0.393783831	2.486161654	7.465167411	2.118437266	10.92463216	0.659800848	1.110060422	1.061416964	2.165240267	126.3397207	7.544814675	22.41930413	12.69638588	0.717846815	1.209058864	18.24670332
MD	34	1/2	R	6	27/10/2022 19:30	1/2 R	1.526513664	8.198247521	3.9496179	1.092555886	5.766767686	0.168459418	1.758252579	4.965538184	0.793756095	0.846770443	0.540152305	0.453382024	1.626969608	1.987223236	1.175220669	0.808460341	0.48792029	1.314944998	3.398325751	1.706244841	7.338662394	0.484489084	0.87674141	1.057554614	1.633799407	37.13246475	3.791412676	4.943723357	7.974092811	0.884370986	0.957981881	11.46314436
MD	34	1/2	R	7	18/11/2022 11:30	1/2 R	0.996901798	8.884239811	4.46240921	1.224920536	14.11112241	0.281100166	2.405206259	6.756118899	0.824701612	1.128166848	0.732327133	0.833221125	2.021364129	1.891683321	1.186329414	0.663027839	0.172647658	1.444184113	8.254474379	2.020872705	11.48085385	0.280918778	0.680955958	1.260408141	1.409956386	68.25423161	3.542631417	14.62546777	11.51981893	0.401671391	0.762628137	18.25195908
MD	34	1/2	R	8	19/11/2022 21:34	1/2 R	0.619144697	8.595090937	5.631412673	1.104731296	10.09675457	0.281100166	2.673076511	6.784773715	1.339657471	0.553934921	0.107212379	0.583144469	2.306631544	2.136694494	0.976711485	0.560708223	0.16282585	1.831687245	7.412570837	2.019073169	11.68395187	0.419370908	0.881317869	0.900324184	1.387705522	73.4183435	4.717116473	14.161895	12.03504471	0.660280139	0.818749594	22.24848238
MD	34	1/2	D	1	12/10/2022 03:59	2/2 D	4.631673159	12.19589669	1.91722736	0.889469638	15.50383599	0.643695064	1.010545971	5.051553625	2.049519718	1.643456693	0.570108445	0.275770216	1.973459115	1.679222093	2.542912014	0.74025641	0.556746727	3.304243966	8.146441421	1.169557821	8.104700308	0.925199772	0.801945658	1.288055434	2.949471329	59.47893769	12.55268146	8.091931363	42.6035076	0.725867566	0.415234671	7.952349221
MD	34	1/2	D	2	13/10/2022 20:46	2/2 D	4.731916014	10.8904534	1.862684576	0.901164121	13.58322298	0.469519259	0.966238902	3.836399657	2.023295108	0.969528186	0.578173624	0.316246902	1.873344819	1.641668506	2.431164205	1.121531256	0.600513155	2.724011426	6.987069047	1.074341582	6.817531949	0.448768607	0.905252018	1.620010483	2.281121666	47.38142921	8.112672382	5.518294643	41.17787256	0.873275016	0.509695917	8.421930084
MD	34	1/2	D	3	20/10/2022 03:30	2/2 D	1.767597348	6.006261196	1.47793889	0.850917714	6.526212646	0.269464589	0.814911919	2.20622869	1.440931289	0.944699052	1.282960433	0.468072099	1.491586448	1.350369613	1.722215611	0.901337565	0.845175387	1.624438211	3.137496743	1.399836852	8.519105498	0.108725329	1.182594692	1.300690759	0.960332338	30.81459793	4.225545659	4.139317568	14.683676	0.825961603	0.702167532	8.928694123
MD	34	1/2	D	4	21/10/2022 14:24	2/2 D	2.049523215	11.6900237	2.376262434	1.14896475	9.456644807	0.489308381	1.126446684	2.801047016	2.160332256	1.05903582	1.38411796	0.491309065	2.28240075	1.914384275	1.81842384	1.229184899	1.001682576	2.093205616	5.779044606	1.672537585	10.15896823	0.225771434	1.514583457	1.322552368	1.281099184	54.10663162	5.832769144	6.871406833	28.98663185	0.9073018	0.75054057	7.432190056
MD	34	1/2	D	5	26/10/2022 11:55	2/2 D	3.359519096	9.03891241	1.748784067	0.780106246	8.569989283	0.367438254	0.835528942	4.265829145	1.786075629	1.202322406	0.647238067	0.444822593	1.446130896	1.360115297	2.239004159	0.692621424	0.489602009	1.919319433	4.644647523	0.939691595	4.175135792	0.393664325	0.937466034	1.499132284	2.883922969	29.30693779	5.770373158	3.903185621	55.7405663	1.117351018	0.714838016	11.28164566
MD	34	1/2	D	6	27/10/2022 22:49	2/2 D	2.819456433	10.68582924	1.964753277	0.879920097	7.415292077	0.380627887	1.0459085	4.097211098	1.319507083	0.937513492	0.690830457	0.403525911	1.628482484	1.675825865	2.088743217	0.91205394	0.588365266	1.915177995	5.597463403	1.11499989	6.142198479	0.403413658	0.932600262	1.259233654	2.104541373	29.53811852	5.815012123	5.882368229	26.61553732	0.810273825	0.649003069	8.795274593
MD	34	1/2	D	7	18/11/2022 14:49	2/2 D	1.5674108	9.871992221	1.515421496	0.787897843	12.90734347	0.436675572	0.842391571	4.379474308	2.346381297	0.768635392	0.352314276	0.475380972	2.018132208	1.499881873	1.851924329	0.665291106	0.260851142	3.160393748	8.68339097	0.644083432	5.063809358	0.567975775	0.592141954	0.906923141	2.295322124	88.3558677	10.9161252	10.73094376	51.18560853	0.966418537	0.062709909	6.383140247
MD	34	1/2	D	8	44885.03733	2/2 D	1.652905886	6.788258574	1.324466421	0.749481127	6.548772143	0.436675572	0.765582214	3.000325026	1.211312203	0.302871932	0.210508861	0.465355174	1.332676498	1.143445138	0.935001355	0.287589198	0.114710368	1.173851977	4.862352333	0.368982255	3.411446964	0.267349836	0.514311649	0.66792591	1.05406927	31.38726452	3.711259464	3.571622573	10.51960416	0.563268726	0.134807681	10.03945293
MD	34	1/2	R	1	12/10/2022 04:48	2/2 R	1.341019978	4.738225887	1.792693488	0.505968703	14.71260192	0.233734107	1.073497454	6.313214179	0.790812979	0.774877846	0.494084585	0.251945586	1.540849271	2.031421199	1.937769483	1.047594187	0.340692298	1.13210335	4.509201159	1.396528515	14.62355149	0.537505763	0.692733183	0.888131599	0.641189462	31.89080681	6.042417685	4.797282975	1.347306564	0.696400648	0.502496933	16.26616472
MD	34	1/2	R	2	13/10/2022 21:36	2/2 R	0.911185798	5.590933138	2.86685929	0.647205201	18.63240135	0.254478531	1.497753092	6.295135469	1.253436121	0.804713976	0.482794002	0.343707446	2.146127618	2.230102273	1.867524161	1.224091468	0.489788321	1.515401396	5.971242496	1.566021604	16.21947247	0.545629667	0.878309305	1.420508893	0.740157741	37.8069599	5.907544006	6.730619882	1.836491664	0.808233206	0.67024146	20.20258535
MD	34	1/2	R	3	20/10/2022 04:20	2/2 R	0.831606215	4.9889254	2.300445244	0.679010604	11.7812957	0.454045615	1.175611957	6.245533927	1.308354663	1.203649824	1.159303631	0.455323404	1.803779937	2.244145921	2.238349924	0.837610175	0.74345888	1.206965661	4.145521044	1.729845744	10.22546332	0.327438122	1.353823924	1.943356403	1.764269638	34.93970946	4.043070104	4.367561088	5.215532045	0.865139461	0.970512937	27.45828077
MD	34	1/2	R	4	21/10/2022 15:14	2/2 R	0.938503229	5.154061142	2.023271486	0.581814078	16.23458683	0.46512204	1.178953119	6.717824774	1.293250567	0.982601411	1.000829712	0.37928733	1.919610514	2.02062368	1.839553878	1.323264026	0.680831113	1.769381421	5.037128576	1.509740575	11.82484063	0.749494805	1.242645823	1.298754513	1.340954651	32.88161711	7.996163473	4.648369011	1.259510302	0.85257069	0.623716755	23.98436786
MD	34	1/2	R	5	25/11/2022 17:57	2/2 R	2.963682456	5.161749619	2.477689333	0.455508838	15.80890712	0.351845073	1.646463015	5.577217407	0.998501888	0.600922754	0.290309969	0.397245424	2.581690992	2.647517375	1.792518172	0.713513811	0.44567361	0.789025919	5.488122535	1.686119611	16.47546372	0.521390341	0.501449932	2.159471929	1.160272738	58.962592	5.099890355	19.18936479	4.961368511	0.413610192	0.940607391	21.50227572
MD	34	1/2	R	6	25/11/2022 21:16	2/2 R	2.014299786	6.32816494	3.071427527	0.69725939	17.57129417	0.351845073	1.872487139	4.541602461	0.930183529	0.742532532	0.344990342	0.32788666	2.919358394	2.37809361	1.505678898	0.399477894	0.453599603	1.790595619	5.969732792	1.903761313	14.57703248	0.049270191	0.866555044	1.6573049	1.112320913	33.04499274	5.712788391	21.30936498	9.932544111	0.147096494	1.329486366	15.97885163
MD	34	1/2	R	7	18/11/2022 15:39	2/2 R	1.430478666	4.875773926	2.198540286	0.423081747	13.1515245	0.351845073	1.076270322	5.342539642	1.185458011	0.43350579	0.173883917	0.42923541	1.793376047	1.134268244	1.033226204	0.678541646	0.327512997	1.729709709	6.161161694	0.958985414	9.80293861	0.452925727	0.839763869	0.739979944	0.944376551	55.87407836	5.770006065	14.99178376	5.758776147	0.625832224	0.389471988	19.4669835
MD	34	1/2	R	8	26/11/2022 22:12	2/2 R	0.121514762	3.781310923	1.16689559	0.308484143	17.86815157	0.351845073	0.685533308	6.817260215	1.150241296	0.611614321	0.358039112	0.16513871	1.580876487	0.849429801	1.23657107	0.568560732	0.553477807	1.61669915	6.715874092	0.724019064	14.36077106	0.987468113	0.557159273	1.497586852	0.250429117	68.57042129	9.618074611	20.63434577	2.104228701	0.286087329	0.232800369	21.13427747
SA	20	C	R	1	12/10/2022 10:37	C	0.449889322	2.979453557	3.716530052	1.299263176	12.43113645	0.268559871	2.628516777	3.672415159	0.893452301	0.400086209	0.351656694	0.15489306	1.9851756	3.002588197	1.461876796	0.822073418	1.487457983	1.799450301	5.863970204	1.32492348	9.637301058	0.090706543	0.530193782	1.161471209	1.161482758	13.77806742	4.908239753	7.911537256	1.015704843	0.443078564	0.234498048	28.74558483
SA	20	C	R	2	14/10/2022 03:25	C	0.562372458	3.04502666	2.254154181	0.575088344	13.40610833	0.360017868	1.013626477	3.707047454	0.92440627	0.396569066	0.262088083	0.176304024	1.597564442	1.632222122	1.086724822	0.931900746	1.406139152	1.382132649	5.519993668	0.869595959	20.1124377	0.164949069	0.442941895	1.028609191	1.674665503	14.30365928	4.51055091	5.928083507	0.288298834	0.439074974	0.290536594	27.2598087
SA	20	C	R	3	20/10/2022 10:09	C	0.574848003	2.904113345	3.968484819	0.926409389	10.52279535	0.331491613	2.254551126	3.02253961	0.738387078	0.674137246	0.81475702	0.321416436	1.909623585	2.984169463	1.316702183	0.827339021	1.388870015	1.296519863	5.01760345	1.673834111	10.71676489	0.138386654	0.844218197	1.007223233	1.717709406	16.42643649	5.424973863	5.265917529	1.019085365	0.553324307	0.503853909	39.148241
SA	20	C	R	4	25/10/2022 07:40	C	0.438060755	2.714510887	4.547632413	1.615472228	8.928214768	0.327261807	3.134905652	2.462832003	0.681081624	0.398639686	0.316128592	0.262588698	1.783842282	2.946843611	1.147131314	0.700523217	0.953231516	1.413996654	3.923115075	1.612798489	7.737073797	0.080415576	0.527682081	0.678113911	0.983987348	9.858116428	3.131975336	4.524078405	1.008294415	0.478370665	0.368689718	32.50427208
SA	20	C	R	5	26/10/2022 18:34	C	0.042899295	2.710813182	4.00089869	1.305030978	9.340774588	0.230741405	2.717916961	3.847897314	0.866261892	0.468651387	0.350833653	0.27276913	1.367431823	3.053118473	1.314503698	0.620141552	0.987209038	1.466152465	4.722942871	1.319922457	7.105699832	0.131973786	0.585906983	0.863195942	3.295777579	15.28801721	2.917797717	6.741450663	1.086419086	0.594370699	0.400997162	33.22524735
SA	20	C	R	6	17/11/2022 11:24	C	0.211897333	2.025673444	3.289826638	1.013854232	15.80154328	0.303614513	2.138100393	3.390945065	1.067584157	0.411439839	0.283635814	0.294660092	1.468516987	2.340831728	1.342061328	0.51362621	1.465424118	2.267805417	7.721840618	0.912265136	10.40743204	0.118712058	0.367167618	1.131800414	1.752606629	20.57275781	5.175148937	13.82779745	0.992712284	0.660548167	0.532173122	44.61406216
SA	20	C	R	7	18/11/2022 21:28	C	0.399472323	2.871004793	4.241591361	1.193604767	13.61581836	0.303614513	2.476118394	3.848403362	1.093852002	0.298086642	0.223144664	0.32494114	2.476061681	3.409630152	1.088130899	0.495537027	1.275003633	2.237906783	7.944307106	1.609446156	11.92157754	0.113050604	0.444728855	0.69884268	1.279810787	21.55578873	4.127688107	14.48215932	1.945916364	0.709714766	0.400843705	40.79662568
SA	20	C	R	8	26/11/2022 01:26	C	0.849617263	4.102620799	3.985615252	1.733005132	15.46187589	0.303614513	2.855853043	4.092423482	1.444336043	0.409375909	0.390366181	0.180144551	2.132370057	3.793349519	1.485151904	0.646108649	1.396449297	2.029284474	9.139406269	1.827823061	17.3555087	0.039798822	0.439776518	0.97756122	2.810619593	36.93071731	3.967561681	33.04881407	2.493885997	0.258434768	0.315849912	35.18483454
SA	34	1/2	D	1	12/10/2022 11:27	1/2 D	0.431603915	4.801832367	3.227474706	0.49494742	16.42302344	0.556785459	1.103932059	3.643410851	1.277900127	0.452397934	0.577033477	0.278792978	1.206920714	1.439359814	3.14582976	0.691175289	1.184763805	2.307542693	7.109615387	0.614626333	5.083147948	0.096956145	0.440701787	1.334153586	3.859878881	27.22469926	5.196917754	6.236979014	45.73872904	1.015089475	0.362182957	31.39911123
SA	34	1/2	D	2	14/10/2022 04:15	1/2 D	0.457733952	3.228124536	2.470511317	0.359643724	13.41680433	0.630932429	0.893553473	2.401469424	1.2161222	0.494820315	0.456699094	0.23204967	1.071563619	1.002748544	2.348268141	0.548136401	1.022890754	1.567576949	5.149762352	0.401745037	3.460209184	0.084169058	0.350316527	1.061678587	2.64474791	22.23855527	4.151172471	4.520509712	32.05350367	0.606046371	0.278377886	21.87466977
SA	34	1/2	D	3	20/10/2022 10:59	1/2 D	1.167340444	3.077247695	2.182697062	0.548019547	9.762006864	0.727300882	0.973915802	2.8157076	1.02957196	0.819816259	1.295513832	0.504015164	1.015420796	1.031447521	2.275340431	0.777088904	1.050170522	1.443462942	3.839648393	1.092779799	5.677995241	0.026620758	1.067550825	1.264310677	1.996926421	32.21454267	3.462115384	3.699972253	39.26747651	0.933261396	0.644126803	24.62597976
SA	34	1/2	D	4	25/10/2022 08:30	1/2 D	0.44165536	3.320651857	2.689203073	0.407855124	13.46584125	0.777992376	1.063727457	2.966355935	1.18285323	0.539635963	0.44095995	0.283000982	0.994036977	1.146331573	2.371007422	0.361968543	0.881225034	1.536582538	4.823708355	0.426321293	2.228435241	0.084468063	0.421301669	0.926531485	2.084883467	27.07660782	3.100137852	4.332030162	37.48263314	0.663702898	0.3294511	22.87058888
SA	34	1/2	D	5	26/10/2022 19:24	1/2 D	0.916309157	2.523237421	2.116212261	0.388462579	7.801744253	0.513299132	0.811663238	2.373072352	0.840352836	0.434046357	0.406818537	0.303284581	0.745888452	0.917060632	1.702193828	0.397325462	0.71546854	1.151678006	3.233161043	0.469524576	1.643837945	0.023595742	0.463777767	0.705446557	1.887934612	20.35321612	3.012481862	3.523558695	32.79545892	0.718484009	0.437411098	19.59030185
SA	34	1/2	D	6	17/11/2022 12:14	1/2 D	0.429211859	3.294717749	2.743481962	0.499736438	15.10857962	0.198798628	1.058363699	2.93830546	1.824563922	0.318491486	0.301606719	0.398580005	1.439810053	1.238931723	1.771257782	0.395246671	0.874079351	2.241378733	7.582617248	0.376674484	3.869329791	0.037164107	0.319490327	0.855715623	3.131801347	38.88697931	6.95913874	12.87799149	59.44632169	0.884098147	0.11419561	27.25990785
SA	34	1/2	D	7	18/11/2022 22:18	1/2 D	0.447561778	3.503603308	2.273853799	0.454099276	15.41577469	0.2720792	0.925884552	2.42803947	1.236757101	0.300674876	0.412583101	0.430269899	1.340915781	1.100048571	1.882979611	0.394232684	0.973695352	1.879349115	6.982079707	0.339879352	2.998315167	0.058828979	0.252423438	1.333162942	2.452048254	31.88118463	4.935645975	8.848692644	50.92673549	0.865077941	0.188891145	28.83692675
SA	34	1/2	D	8	26/11/2022 02:16	1/2 D	0.523356506	2.991683727	2.293040372	0.317497508	15.929216	0.525312587	1.073324624	3.089502986	1.105146781	0.396934601	0.487832453	0.227427405	1.202443655	1.084703595	1.985032846	0.428022933	1.055173715	1.71258037	6.783424548	0.446669128	3.691424804	0.058828979	0.215350842	1.114804211	2.394236615	42.89131893	6.351538805	16.70933644	59.0988949	0.355404435	0.260217705	27.39215873
SA	34	1/2	R	1	12/10/2022 12:17	1/2 R	0.384918667	4.128049325	5.83099237	1.628914182	13.98835156	0.309596845	3.4088152	5.930286514	1.116873883	0.46758892	0.378384036	0.229875673	2.778301711	4.623900914	1.517580299	0.878623696	1.87317955	1.889407189	7.113696662	2.206411625	14.90035365	0.143716673	0.421768477	1.282554314	1.416055222	14.93013963	2.375144261	8.16203076	3.389181136	0.59507021	0.273264321	31.2698468
SA	34	1/2	R	2	14/10/2022 05:05	1/2 R	0.427628751	2.696871289	2.381309748	0.637055597	14.37861895	0.287974921	1.360009104	4.508688458	0.579464836	0.536385442	0.366068378	0.230269363	1.08809304	1.270982705	1.363244925	0.506945326	1.223490623	1.357336416	5.673073575	1.078243034	10.17398575	0.023479075	0.46596272	1.048414894	0.464837881	14.82488005	2.283962131	4.181399348	1.383984712	0.525004052	0.270841386	30.00903604
SA	34	1/2	R	3	20/10/2022 11:48	1/2 R	0.467884971	3.297214818	5.114335455	1.084029473	13.44384586	0.56135974	2.612868747	5.487296969	1.092184966	0.644361743	0.706640491	0.327531092	2.631983375	3.463746059	1.191480967	0.790552198	1.420835496	1.796398105	6.170771631	1.942317357	15.08391255	0.145282375	0.755801851	0.93058047	0.926087916	16.92862214	2.656542564	6.434984972	3.757393942	0.589808358	0.395831378	38.45134133
SA	34	1/2	R	4	25/10/2022 09:19	1/2 R	0.631500427	3.347742593	5.621673466	1.436425422	12.19791201	0.403379206	2.719829767	7.567593425	1.343023419	0.492747979	0.304102826	0.264520331	2.146778683	4.793611154	1.194881876	0.725540488	1.310125054	1.350868959	6.102692022	1.620002235	17.80876925	0.186945658	0.526549826	0.824231408	0.937053642	11.76235777	2.181644377	7.976284863	2.664624126	0.495436773	0.289686856	32.41921201
SA	34	1/2	R	6	26/10/2022 20:14	1/2 R	0.320727765	2.8170726	5.021171206	0.958070257	9.181158326	0.37748738	2.60983898	4.052572304	0.845328281	0.333583058	0.273426877	0.261150956	1.818894062	3.570219862	0.844219044	0.658922947	0.930741974	1.34393282	4.649138907	1.682469928	15.93725406	0.210664101	0.553726966	0.530681714	1.470735956	8.572291467	1.782955848	4.677835681	2.022504537	0.653299707	0.33307578	30.53423631
SA	34	1/2	R	7	17/11/2022 13:04	1/2 R	0.475154731	2.603449076	3.666973392	0.652011022	18.15996451	0.387959618	1.687937619	4.691797749	1.630418759	0.378791925	0.223507169	0.337106185	1.897256523	2.367532447	0.996503122	0.583844945	1.296974564	2.530384808	8.931336287	1.096667734	19.47933054	0.164432476	0.364471076	0.715837893	1.030027566	19.04280479	4.681717961	13.70894349	6.909559927	0.732255672	0.069594967	37.1609265
SA	34	1/2	R	8	18/11/2022 23:08	1/2 R	0.100238457	3.308048556	4.857114394	0.957002332	13.7993208	0.387959618	2.658330011	5.153844476	1.358862688	0.271236905	0.249704246	0.336849505	2.323561696	4.005563664	0.898290399	0.552425928	1.508339877	2.114563441	9.834991828	2.030207282	14.64801389	0.120309276	0.344671086	0.938563903	0.985054757	18.57995013	3.253188816	20.52946885	3.729698133	0.698474109	0.053333962	45.31067719
SA	34	1/2	D	1	12/10/2022 14:47	2/2 D	0.572875037	7.038706221	2.073726461	0.249662469	16.75345936	0.68676326	0.430105458	1.550328254	1.75649935	0.576592743	0.431627226	0.337001098	2.033270186	0.83077046	1.870237522	0.732554201	1.773132299	2.87797499	6.404333352	0.434814989	5.716546979	0.274428966	0.443762032	0.930781702	1.099623617	19.96080015	6.273047568	7.295343293	33.06209888	1.159687528	0.270402856	8.578642642
SA	34	1/2	D	2	19/10/2022 03:24	2/2 D	1.600047849	5.871388726	2.244409823	0.377737964	19.15409515	0.959021474	0.753223191	3.935198761	1.374560419	0.820257585	1.014376461	0.430772072	1.52956402	0.971088678	2.463324261	0.921129155	1.785254668	2.078490543	7.030362113	0.771285492	5.099418658	0.37289558	0.793735269	1.569974686	1.204893235	30.13784188	4.014430588	4.990135521	64.69551205	1.058650004	0.430747104	7.621992294
SA	34	1/2	D	3	20/10/2022 14:18	2/2 D	0.72682734	3.707678836	2.106575102	0.443878003	14.78906224	0.788301891	0.705775497	2.48459359	1.560431779	0.764464206	0.977646107	0.450585063	1.764255861	0.81636117	1.829732568	0.799328139	1.327208112	1.726564212	4.429181917	0.844211749	5.871549846	0.184574764	0.81423801	1.139950862	0.845070276	16.27478771	4.228445596	4.626094867	35.27658257	0.913416087	0.496835942	9.462926072
SA	34	1/2	D	4	25/10/2022 11:49	2/2 D	1.939894993	7.551900871	2.209962805	0.363887231	14.29150609	0.698254626	0.558021441	1.169502178	1.80064947	0.564815928	0.447789529	0.461924062	1.930076166	0.95453495	1.556894592	0.662672337	1.164676192	2.30370091	4.763875823	0.55494573	3.18186849	0.192209866	0.532338086	0.948659522	1.197370892	14.45133364	4.591740405	6.473328063	31.46467058	1.215459645	0.611510862	3.784965217
SA	34	1/2	D	5	26/10/2022 22:43	2/2 D	0.955364895	6.513536458	1.910481966	0.275316231	11.97612643	0.40440092	0.492695489	1.730016631	1.553585961	0.463722089	0.340875634	0.301040463	1.455492755	0.756603243	1.346849232	0.603212791	1.233362976	2.059797271	4.897651874	0.410790039	3.288888948	0.149056738	0.469448302	0.836630897	1.159183502	16.22046998	4.984095371	4.955493827	38.57060825	0.911727042	0.331964316	6.762349763
SA	34	1/2	D	6	17/11/2022 15:33	2/2 D	0.592077972	6.187560226	2.645583125	0.359851694	18.21047643	0.109426973	0.663089179	1.547781602	2.475057006	0.498426702	0.337370651	0.375255207	2.161354498	0.798667024	1.368671965	0.25578538	1.323860173	2.973090758	7.934357996	0.247528113	5.250377704	0.04416512	0.240472755	0.751242016	1.040819747	26.66756352	6.502513654	18.77723466	73.02421626	1.376631664	0.062329349	7.078889005
SA	34	1/2	D	7	19/11/2022 01:37	2/2 D	1.63763824	5.225057368	2.965143355	0.51046711	19.51569261	0.007509883	0.868013771	1.856314241	2.667775057	0.37881506	0.214771251	0.526271165	2.579088309	1.067197259	1.197540431	0.501227656	1.523139675	2.54441067	7.634649733	0.340219304	6.738259104	0.189411893	0.318314042	0.965338461	0.723174658	20.7030136	5.189676632	17.63865472	44.15994649	1.096623956	0.106240829	9.440429664
SA	34	1/2	D	8	26/11/2022 03:05	2/2 D	1.013505836	4.258460615	1.756058776	0.174854192	21.9723946	0.521954147	0.557306244	1.598027041	1.981779513	0.563532949	0.439119955	0.326619051	2.196925291	0.875565947	1.551431546	0.447270463	1.863516409	2.310441959	7.975634748	0.3262897	5.253349252	0.10855222	0.282317229	1.297595796	0.659200185	14.6432461	5.857111085	25.20123714	62.58146556	0.636183978	0.220123705	8.245743694
SA	34	1/2	R	1	12/10/2022 15:37	2/2 R	3.167394846	5.16718453	2.595251277	0.868692882	27.35908743	0.659711689	1.16549027	6.051745128	1.221762274	0.657027852	0.647148724	0.721815206	2.076098475	1.946459812	2.396415945	0.636517421	1.572172735	1.644873453	8.223874178	1.18006927	18.62645035	0.120867204	0.925558753	1.241006324	0.953940899	23.8732293	3.956247896	5.308189352	1.302433763	1.093234371	0.717241739	31.45757135
SA	34	1/2	R	2	19/10/2022 04:14	2/2 R	0.589281631	3.392243739	2.939866262	0.469384452	25.42616794	0.861465496	1.264836931	7.340669345	1.152447224	0.704911659	0.734795092	0.358785742	1.50631987	1.853452378	1.81494536	0.627497176	1.421798911	1.696910424	7.543686261	1.104266249	15.65529597	0.186117023	0.517106825	0.844692064	0.859588328	22.58752599	4.672651376	4.345372815	1.933781193	0.723534975	0.29490712	31.99346257
SA	34	1/2	R	3	20/10/2022 15:08	2/2 R	0.870529982	2.902379252	1.244426936	0.468569248	20.42856948	0.778112581	0.553826324	4.545977386	1.001841139	0.744483391	0.787055535	0.418333639	1.117313043	1.01581952	1.375984609	0.796532731	1.26463992	1.327460856	5.676246807	0.821436613	9.505910535	0.19232397	0.779799372	0.874297307	0.412589169	19.84919588	5.950450662	3.103038833	0.639802314	0.74993881	0.407623777	28.13578883
SA	34	1/2	R	4	25/10/2022 12:39	2/2 R	1.507781959	3.537419249	1.954688588	0.507620668	14.49278384	0.705050148	0.849214698	6.079899154	0.874108661	0.615417551	0.433616592	0.452443678	1.148916799	1.238656829	1.366939299	0.462435692	1.018800289	1.345566961	5.47548713	0.692653249	9.375651759	0.18088785	0.670774244	0.706742424	0.460206136	16.46731222	3.84258542	3.42319051	0.577713119	0.863628349	0.42417371	33.18125739
SA	34	1/2	R	5	26/10/2022 23:33	2/2 R	0.491539945	2.459145845	1.241655588	0.436469234	15.20945907	0.502810843	0.727630479	3.840624647	0.709745779	0.464907497	0.339917393	0.312698077	0.958509212	1.055332816	0.983917344	0.703914008	0.880060536	1.060477124	4.365062479	0.672168378	6.801750264	0.122497696	0.478480934	0.522468813	0.434312017	16.61733227	2.784510073	2.3241227	0.905511329	0.733464953	0.35376885	25.28214234
SA	34	1/2	R	6	26/11/2022 13:53	2/2 R	0.545470151	3.587464154	2.511663177	0.68843536	29.500188	0.593474664	1.326896567	6.675674471	1.423139028	0.483540463	0.365164223	0.359777345	2.364218203	2.067415809	1.487197058	0.738849061	1.26573225	2.045285445	8.843826581	1.249492572	15.16815832	0.155547499	0.733282446	0.791767927	0.848525942	28.08326848	5.845620374	18.94412882	2.323756994	1.030832204	0.357870408	41.47227511
SA	34	1/2	R	7	19/11/2022 02:27	2/2 R	0.81012158	3.20613693	3.459625057	0.563071443	25.17966506	0.053697227	1.559500191	5.472791804	1.526611704	0.439590363	0.240603123	0.494437961	2.303566904	1.973422697	1.104913606	0.603163949	1.211663687	1.935892514	8.698064141	1.10660638	14.64242016	0.130591248	0.634526081	0.877789162	0.746350098	25.97709217	4.997524162	10.32579614	5.6894307	1.129078606	0.084864698	31.8138457
SA	34	1/2	R	8	26/11/2022 03:55	2/2 R	1.902594429	3.419626605	2.006312675	0.445699306	25.38667555	0.593474664	0.897790889	4.870579414	1.433211519	0.600629869	0.479274827	0.324829011	1.718410636	1.298551914	1.666018589	0.523229332	1.389897058	1.841532561	8.677975446	0.567029567	14.32735928	0.155547499	0.317191686	0.973803165	0.397363047	21.25914493	3.774659536	10.37568188	3.800917602	0.553998679	0.214978996	46.22276724
RP	20	C	D	1	12/10/2022 21:26	C	0.297810667	5.082474215	0.870839082	0.665096383	13.58267477	0.182048611	0.552662726	2.042447875	0.614843564	0.395204757	0.288203718	0.186145906	1.004780767	0.826092491	0.691211575	0.667629068	0.291415046	1.464035102	4.473145183	0.570563157	7.589202302	0.354773358	0.465405081	0.866196949	0.229607178	31.64974934	5.171223554	3.962940956	0.439675852	1.076886204	0.317690228	30.45463267
RP	20	C	D	2	19/10/2022 10:03	C	0.53976145	4.702893895	1.302487334	1.015539247	12.92115041	0.335403313	0.993395545	3.278691266	0.932103132	0.883700279	0.863623876	0.314720294	1.284147428	1.061997883	1.117524416	0.635645372	1.009890597	1.146363604	5.262398798	1.036550646	6.659111976	0.595942179	0.859239839	1.13354781	0.575790105	32.20974714	3.846689112	4.130505107	2.953994518	0.876104031	0.478918519	45.07939359
RP	20	C	D	3	20/10/2022 20:57	C	0.851055694	4.225270871	1.214240152	0.959121239	11.75375697	0.335170839	0.898197992	2.760941645	0.668651985	0.786032184	0.953940709	0.354722063	1.226954928	1.189564168	1.102872249	0.807376321	1.131935047	1.476477335	4.688803096	1.075200732	7.07682679	0.456919098	1.063958205	1.092671807	0.528101372	27.41422364	5.679903883	4.172868835	1.453281367	1.25827842	0.549734912	38.90368177
RP	20	C	D	4	24/11/2022 08:23	C	0.07790841	3.318164004	0.864010677	0.548543625	13.74866586	0.260316462	0.693363111	2.068150361	0.996095195	0.30709103	0.112911515	0.139579453	1.195271305	1.278045412	0.515786066	0.358191504	0.762643319	1.417851106	5.800285045	0.489252677	5.245108415	0.25925584	0.182625127	0.779126021	0.195423301	43.39154032	4.797603108	17.34347021	0.447586741	0.939203152	0.201518821	52.61290943
RP	20	C	D	5	27/10/2022 05:22	C	0.408384775	4.085586749	0.942537389	0.863081677	9.19855697	0.188643083	0.718177589	1.7848761	0.492977394	0.519188718	0.325139844	0.248433697	0.79420888	1.202933339	0.732616	0.467669027	0.673074872	0.932310138	3.898189499	0.64384694	5.40441795	0.45690129	0.540805838	0.737105814	0.359803792	20.69571605	3.008584785	2.950509879	0.9093848	0.667107453	0.466042407	31.41689956
RP	20	C	D	6	17/11/2022 22:12	C	0.216842214	2.273968658	0.9771891	0.676532659	13.34355675	0.260316462	0.66673592	1.705235114	0.667072432	0.437612306	0.102526155	0.230904295	0.798926334	0.888146993	0.46111104	0.159253752	0.963014059	1.201014906	6.150941086	0.407918572	5.43754668	0.305540547	0.231279262	0.779450087	0.225996151	36.80837616	3.31958133	8.702512976	0.736328504	0.505509272	0.069590968	35.56000724
RP	20	C	D	7	19/11/2022 08:16	C	0.25140976	3.981782681	1.356686749	0.985698315	15.64436879	0.260316462	1.027687104	2.546314323	0.528112567	0.410352127	0.094388065	0.38796777	1.26895539	1.010532396	0.674038437	0.188779546	1.55526384	1.410552724	8.268995431	0.579578488	4.659405668	0.451033628	0.260536772	1.137255513	0.356599428	25.42896082	1.836951278	7.050792228	0.411953387	0.965200551	0.175858505	42.03307922
RP	20	C	D	8	23/11/2022 20:45	C	0.784272852	3.652725034	0.934116005	0.726696705	16.24815064	0.260316462	0.700289057	1.941650896	0.794606058	0.354509673	0.208135272	0.136327079	1.225877343	1.206983098	0.651325466	0.483532684	1.325864938	1.747665634	7.040601323	0.562333959	6.113351304	0.386032947	0.296664327	0.974010805	0.484157809	40.94012145	5.222614255	16.65765179	0.755485422	1.023403007	0.210445923	46.5016188
RP	34	1/2	D	1	12/10/2022 23:05	1/2 D	0.432268139	6.987032325	1.532317419	0.827451496	16.75115568	6.682969629	0.716929747	4.536556223	1.381320088	0.449824012	0.286980955	0.249791234	1.960565357	0.990295017	1.086968094	0.479908398	1.445413178	2.084569066	8.11569019	0.681039313	7.159204735	0.754259359	0.585918994	1.467113848	1.132698621	15.29319562	5.28331334	5.572295161	39.64452068	1.907240534	0.230737876	30.08914721
RP	34	1/2	D	2	19/10/2022 11:43	1/2 D	0.941892084	8.442435432	2.007531789	1.036732889	21.27554059	9.991874847	1.119095745	5.517745194	1.705197736	0.852486435	0.741681606	0.369881883	2.563839233	1.156162164	1.200698992	0.532284497	2.05086524	1.696661878	10.12471918	1.004788391	7.565510164	0.864043146	0.80508421	1.763446908	1.338293316	23.33447255	4.530203809	5.234542419	75.65660897	1.534614722	0.363317528	43.87251679
RP	34	1/2	D	3	20/10/2022 22:37	1/2 D	0.987176466	5.854688885	1.60903679	0.846843867	15.10831925	7.805966604	0.801444037	4.775601547	1.37773434	0.675476887	0.706478382	0.350813281	1.68761277	1.108769953	1.023522941	0.654937469	1.507833701	1.476045257	7.167434089	0.940063203	5.568299181	0.677689913	0.886188483	1.521092738	1.037951978	16.01023778	5.552273876	4.108973332	52.76666652	1.817469432	0.162278208	42.91094874
RP	34	1/2	D	4	26/11/2022 20:31	1/2 D	0.127962558	6.801069697	1.679646378	0.819787461	19.90604454	5.557788873	0.984256198	4.143614762	1.747202618	0.380414968	0.201674059	0.213698497	2.232235052	0.944156722	0.820270551	0.349677238	1.80296343	1.990975525	11.44707274	0.61428417	9.743200533	0.814575769	0.257390436	1.399782667	1.160319737	20.69527814	7.331779397	25.04052977	68.61880402	1.439857065	0.147151199	59.45228049
RP	34	1/2	D	5	27/10/2022 07:02	1/2 D	0.396934466	4.641397717	1.471409821	0.68217011	11.8769	5.556444366	0.701718621	4.124335182	0.886125877	0.414203822	0.224973586	0.258654544	1.40193576	1.006395209	0.697809688	0.387265012	1.149234592	1.137582288	5.719608642	0.548967335	4.826877554	0.406207854	0.48141349	1.222198808	0.720987231	12.41869949	3.818352325	4.825242885	52.51770355	1.194344398	0.246502954	28.22579291
RP	34	1/2	D	6	17/11/2022 23:52	1/2 D	0.103849478	6.358338414	1.603844458	0.770505805	17.72214103	5.39391311	0.837294711	3.810035252	1.672580376	0.381602315	0.143103696	0.374239433	1.897309524	1.005427229	0.688076066	0.185815529	1.135097912	1.857338677	10.48798507	0.440149767	5.702296522	0.486139897	0.452854658	1.373401301	0.876807921	23.00718563	5.82098146	11.19417386	61.85403085	2.76633308	0.030822263	37.08348278
RP	34	1/2	D	7	19/11/2022 09:56	1/2 D	0.16299536	5.288628018	1.964577238	0.879232682	18.61036074	6.189667193	1.025926737	4.288930076	1.536531887	0.414729579	0.136648577	0.355883091	2.07080453	1.16736946	0.743180784	0.334967852	1.279819091	1.911782482	11.3805856	0.542525465	4.342266986	0.631243225	0.304988696	1.550779287	0.533094797	22.74045705	5.400595163	12.39619202	65.57653405	2.152808201	0.021640208	43.12043302
RP	34	1/2	D	8	23/11/2022 22:25	1/2 D	0.287120133	5.340000732	1.331303929	0.677910343	17.61104776	4.682597122	0.74299544	3.896926036	1.457037525	0.295334795	0.197452041	0.176354423	1.904249806	0.761895447	0.68128722	0.389294794	1.399176812	1.748050138	10.11692237	0.472298544	6.445511766	0.54313729	0.404080974	1.184663994	1.033417141	42.65350877	5.782942051	27.92777717	42.65350877	2.254629865	0.09577543	58.53298799
RP	34	1/2	R	1	12/10/2022 23:55	1/2 R	0.081457422	3.915802035	2.41762794	0.495523522	14.22315861	0.291099464	0.98407234	4.078119405	1.072855359	0.433713769	0.240294523	0.159228585	1.728457993	1.030088555	0.812700019	0.371479714	0.70269549	1.105173943	5.542570255	0.861795507	12.73050345	0.467138128	0.622412335	1.030916051	0.3906905	21.16879258	4.440627331	7.117470875	3.885457145	1.328361734	0.204191039	26.90275456
RP	34	1/2	R	2	19/10/2022 12:32	1/2 R	0.572803572	4.807327858	3.204514678	0.565060308	16.78236891	0.478005475	1.652523819	4.898851144	1.043216036	0.955832675	0.81051873	0.331949429	2.062012181	1.222900854	1.287321664	0.582810308	0.966560842	1.277390098	7.245519887	1.308757837	15.26895264	0.429251255	1.039494052	1.466415773	0.668534347	32.76042331	4.411264343	6.120644255	5.660011875	1.273709474	0.412001936	48.43085349
RP	34	1/2	R	3	20/10/2022 23:26	1/2 R	1.27881743	3.633314267	2.522391657	0.576959362	11.29078436	0.350221447	1.58045623	3.63355527	0.800974215	0.684192691	0.688049906	0.26857137	1.357392457	1.466109309	1.008128063	0.502001203	0.692625234	1.115380053	4.257840368	1.150381315	9.550413982	0.417376055	0.873968209	1.029566824	0.642781166	21.81920272	3.900856622	3.582857522	3.602053317	1.085645309	0.373128841	36.87810498
RP	34	1/2	R	4	24/11/2022 10:53	1/2 R	0.372409799	2.469138961	1.919848421	0.456331868	15.36049701	0.374278192	1.170701661	3.714552699	0.850681389	0.39381434	0.181448809	0.135622097	1.418217156	0.961365083	0.750579538	0.19946226	0.729457458	0.888962604	6.465940422	0.819052043	15.12287925	0.171928971	0.361694446	1.06411937	0.189255462	23.6938928	4.716455904	18.80957314	2.496443329	1.820024865	0.170165752	70.32005912
RP	34	1/2	R	5	27/10/2022 07:52	1/2 R	0.255129774	3.1030928	2.55092851	0.454767409	9.8234278	0.37778638	1.321892111	3.160074116	0.639242307	0.475717019	0.242685885	0.218196182	1.140049507	1.06144234	0.609373357	0.382432269	0.579240599	0.763855225	3.75659631	0.727248496	8.707468647	0.275461833	0.636754934	0.714082283	0.442755437	15.08643609	3.606035261	4.971434301	1.92132353	0.9296818	0.351365423	31.48636392
RP	34	1/2	R	6	25/11/2022 22:06	1/2 R	0.760946482	3.208064534	1.321878815	0.259551824	17.89880797	0.374278192	0.711418052	3.449350987	1.149240824	0.563484406	0.267387851	0.141681553	1.337717702	0.529040414	0.886957032	0.166098934	0.564883402	1.058841468	7.42152567	0.571380005	15.7062629	0.547964137	0.666680951	1.27511284	0.372032106	39.7603317	3.787076792	18.30972387	1.71736263	1.088324662	0.295781971	61.24772006
RP	34	1/2	R	7	19/11/2022 10:46	1/2 R	0.285685056	3.338618643	1.76044469	0.426804787	18.69208897	0.374278192	0.95641007	2.808238246	0.766942499	0.443945257	0.135246287	0.339225974	1.462798391	0.784085619	0.773587799	0.136530688	0.675002502	0.940282867	7.848665792	0.659244181	10.44723639	0.239780848	0.555655339	1.340463723	0.329102745	21.90353538	3.308335363	12.42155839	3.164753046	1.436836006	0.092259015	36.69625764
RP	34	1/2	R	8	23/11/2022 23:15	1/2 R	0.206423851	3.785225009	2.351888664	0.322344607	18.09375601	0.374278192	1.314858163	3.815600062	1.141254361	0.355287211	0.19942702	0.165410928	1.84194843	1.295916908	0.740996127	0.326760979	0.756481736	1.465966742	7.989053283	0.935310797	12.57587039	0.536193522	0.834822599	0.877076621	0.777893037	53.35344946	6.221022782	21.91962116	6.224961111	2.113620815	0.336607631	61.45306568
RP	34	1/2	D	1	13/10/2022 02:25	2/2 D	1.048259548	6.840057542	1.657375309	0.570899948	20.42401263	10.31206646	0.657319532	3.361958074	1.793687606	0.415065281	0.306722689	0.46623797	2.712412675	1.200308053	0.960326579	0.721583564	1.021432606	2.104784289	7.215920842	0.693966726	16.77905732	0.383071485	0.942289607	1.289474105	0.775315798	21.08021388	10.73453297	9.273670017	43.5216852	2.174170429	0.360898664	31.35220702
RP	34	1/2	D	2	19/10/2022 15:02	2/2 D	1.196463742	10.84212601	1.802821691	0.758425587	14.25807195	9.386081227	0.832449926	2.926025258	1.665634072	0.676550568	0.751189755	0.394793491	1.933549042	1.050457327	1.019345363	0.718428929	1.003842437	1.75904308	6.345259366	1.01007305	7.92932578	0.794352112	1.048491208	1.351945549	0.73395729	14.45492304	6.767337496	3.953405774	39.13040243	1.562775272	0.406733196	24.69653647
RP	34	1/2	D	3	21/10/2022 01:56	2/2 D	1.54907183	6.527346108	1.991614228	0.677839611	15.1194556	10.03408932	0.727601575	4.358895403	1.801635011	0.681132885	0.824316868	0.471563796	2.650203206	1.3712631	1.16914717	0.687549545	0.934975381	1.990965946	6.135240118	0.944079341	9.221311518	0.448056881	1.012063279	1.166822956	0.85436812	22.06078902	7.135744715	5.128926931	43.74545975	2.223116854	0.4305326	33.46714159
RP	34	1/2	D	4	27/11/2022 01:32	2/2 D	1.460333078	6.2977118	1.400657769	0.432296703	21.35480649	9.224703775	0.625115666	2.91899516	2.125699685	0.430622973	0.19634903	0.297330602	2.799513868	0.954759586	0.79228541	0.280919544	1.012199438	1.726979367	8.018323898	0.455621632	16.28814239	0.700998001	0.34693073	1.306003405	0.793800655	23.91523851	9.461437613	27.4655889	87.88974243	2.118168917	0.213552165	28.42590375
RP	34	1/2	D	5	27/10/2022 10:21	2/2 D	1.710043276	13.33325256	1.550052148	0.646699069	16.37006661	13.10464957	0.793291852	3.175253409	1.613418966	0.545986459	0.359265092	0.412329917	1.919556114	0.7300353	1.134069127	0.493670952	1.2954209	1.94556722	6.731276301	0.636983651	11.00865948	0.46651177	0.885718571	1.585207095	0.725524977	10.05976139	4.737121369	3.462577883	37.27368531	1.78809933	0.451949673	22.39566693
RP	34	1/2	D	6	18/11/2022 03:11	2/2 D	0.921599616	8.736879452	2.305386748	0.707279593	20.46097423	8.942932793	0.78612019	4.478838913	2.105203622	0.343295911	0.077391135	0.673072306	3.32544746	1.331883521	0.729940768	0.431002087	0.759245166	3.080386526	9.603691825	0.385189513	11.85357007	0.573705901	0.483755004	1.186656984	0.893106188	35.09922028	7.042700856	19.37124113	96.59807032	3.28979241	0.067353921	27.54631529
RP	34	1/2	D	7	19/11/2022 13:15	2/2 D	0.268304752	7.132825134	1.742612069	0.514760475	17.95689338	9.352058356	0.589585292	3.659163642	2.451544035	0.281157006	0.08539241	0.609791113	2.737185614	1.049873687	0.666885561	0.246772007	1.033985867	2.478075168	10.39532088	0.480946759	10.65077836	0.730171107	0.64214852	1.001991161	0.723467559	22.54354122	10.17745238	15.55869431	78.8406972	3.455220973	0.029875615	36.1533601
RP	34	1/2	D	8	24/11/2022 01:44	2/2 D	0.637970144	6.378645575	1.837550559	0.508178177	21.88266918	8.824597948	0.740531377	3.766865127	2.021590832	0.305441921	0.136626542	0.344887723	2.722185987	1.005805345	0.673318197	0.328588369	1.008843503	1.576246273	8.616962011	0.571553074	15.76399929	0.559183339	0.34783908	1.095199792	0.87362809	26.62950596	9.434101326	27.84099597	82.27580372	3.232459296	0.200871757	39.06964474
RP	34	1/2	R	1	13/10/2022 03:15	2/2 R	1.183878773	3.460998942	2.252026806	0.702593737	22.17043998	0.273020723	1.450706498	5.83423367	0.725833173	0.428171217	0.271197652	0.400729246	2.409016076	1.283303596	0.727252689	0.556984859	1.168911733	1.145461131	5.814903242	1.457483627	23.54621525	0.407813809	0.948203629	1.616852894	0.438346834	10.344755	9.205027508	6.877166041	3.206782982	1.076267935	0.464774037	37.32673166
RP	34	1/2	R	2	19/10/2022 15:52	2/2 R	1.253891102	4.180994043	1.768655588	0.755729091	16.20587644	0.425745855	1.289446202	9.6041924	0.870736418	0.865700925	1.02335693	0.540374455	1.870459499	0.816356197	1.368097086	0.763878429	0.96160469	1.274580881	5.330056649	1.566346275	14.30720834	0.361913782	1.297564122	1.123001795	0.651844483	27.68900359	8.019579761	4.728558971	6.231721933	1.032529841	0.557762009	44.61878558
RP	34	1/2	R	3	21/10/2022 02:46	2/2 R	3.372703849	4.399261483	1.234849245	0.85028354	20.32673633	0.662282417	0.804986707	8.819666223	0.958061393	1.15211966	1.214121944	0.562577613	1.663417028	0.838501563	1.623117599	0.924204537	0.841951199	1.187506483	4.937959422	1.213155933	15.42164124	0.613212914	1.540423679	1.421150755	0.475971243	31.22307331	9.105943855	4.254110938	1.551477302	1.289818659	0.662568185	44.00492989
RP	34	1/2	R	4	24/11/2022 14:12	2/2 R	1.223221161	3.134270099	1.732505898	0.782376821	20.94517537	0.362001155	1.125659671	6.372214082	2.413316807	0.717906891	0.556692825	0.653657683	2.00614528	1.018589522	0.977913977	0.754990639	1.287770256	3.567662616	6.02425858	0.989327245	14.60925592	2.568900287	2.487092288	1.401540349	0.489276083	15.21889637	11.43749594	16.10546678	1.916774663	3.120620623	0.54360759	61.64252292
RP	34	1/2	R	5	27/10/2022 11:11	2/2 R	3.340736939	2.19408829	1.503855995	0.414906081	11.94564862	0.254027354	0.894250524	5.938183232	0.559574328	0.438690896	0.250454447	0.284007706	1.196097007	0.681781999	0.560037338	0.348185176	0.710842735	0.719661885	3.649860868	0.72990653	14.94499625	0.352815226	0.770829591	1.024382925	0.340203802	7.250560265	4.118631753	3.989324954	1.645941084	0.865168661	0.360971309	32.84376724
RP	34	1/2	R	6	18/11/2022 04:01	2/2 R	0.977601894	2.828788004	1.38609282	0.574610624	20.37668462	0.068957301	0.73835182	7.831237296	0.652010339	0.41093701	0.045628776	0.49427969	1.73565761	0.656292009	0.46820226	0.104625822	1.150632452	1.127984826	7.515221171	0.42627635	12.43087338	0.223849465	0.720197126	1.370087233	0.232133802	12.31102762	6.580932901	8.536396337	3.338707345	1.350165122	0.069080539	44.87167319
RP	34	1/2	R	7	19/11/2022 14:05	2/2 R	0.384306884	3.500885041	1.963392025	0.565760454	22.65149712	0.205519769	1.02493381	5.22506018	0.839490616	0.402746944	0.160238269	0.341225368	2.026280653	1.138045978	0.79322222	0.342051577	0.713317682	0.909384711	8.804062808	0.954635442	10.59732752	0.521735816	0.749379283	1.005898454	0.425302169	30.22100137	6.807883939	11.99346461	3.568825422	2.38402684	0.109182191	39.11640329
RP	34	1/2	R	8	24/11/2022 02:34	2/2 R	1.013862815	3.46090223	1.651671356	0.47533724	26.65825251	0.321650653	1.34114605	6.14806615	0.952130984	0.402593224	0.206340561	0.381779796	2.448220224	0.951134705	0.782378461	0.544932938	1.688164528	1.268858895	9.053302263	1.297116927	18.00268828	1.067359007	0.844625882	2.064032724	0.397017692	14.60840815	10.42937931	24.53877956	5.794543565	2.1898162	0.247664708	44.65683526
